dataset/a0.png dataset/a1.png FAST  0.015445 0.030464 4991 5019 SURF  0.227437 0.453411 0.095188 4991 0.006062  0.585141
dataset/b0.png dataset/b1.png FAST  0.020792 0.042061 17210 20167 SURF  0.753895 1.625207 0.419479 17210 0.084419  2.171184
dataset/c0.png dataset/c1.png FAST  0.019691 0.039648 13731 13411 SURF  0.579380 1.146252 0.300670 13731 0.013639  1.500228
dataset/d0.png dataset/d1.png FAST  0.017401 0.035147 20191 20288 SURF  0.903244 1.803433 0.469778 20191 0.065132  2.373509
dataset/e0.png dataset/e1.png FAST  0.020392 0.042199 21490 26918 SURF  0.930717 2.099581 0.549507 21490 0.075232  2.766535
dataset/f0.png dataset/f1.png FAST  0.018596 0.035949 13283 14276 SURF  0.579003 1.214823 0.307443 13283 0.075636  1.633871
dataset/g0.png dataset/g1.png FAST  0.021024 0.041628 27300 25918 SURF  1.216490 2.354129 0.639357 27300 0.075868  3.111002
dataset/h0.png dataset/h1.png FAST  0.010976 0.021932 626 640 SURF  0.038473 0.077452 0.010846 626 0.074204  0.184448
dataset/i0.png dataset/i1.png FAST  0.015187 0.030365 10545 10590 SURF  0.457974 0.918262 0.220768 10545 0.007502  1.176913
dataset/j0.png dataset/j1.png FAST  0.021607 0.040785 25759 20803 SURF  1.114792 2.000902 0.568696 25759 0.082876  2.693276
dataset/k0.png dataset/k1.png FAST  0.018973 0.038310 12498 14038 SURF  0.541241 1.148889 0.284114 12498 0.077555  1.548885
dataset/l0.png dataset/l1.png FAST  0.017456 0.034627 8700 8280 SURF  0.374008 0.728928 0.177715 8700 0.072922  1.014210
dataset/m0.png dataset/m1.png FAST  0.013803 0.025944 4428 2804 SURF  0.201366 0.329985 0.072392 4428 0.074525  0.502862
dataset/n0.png dataset/n1.png FAST  0.013261 0.026382 5685 5479 SURF  0.260997 0.503247 0.106507 5685 0.022948  0.659101
dataset/o0.png dataset/o1.png FAST  0.014348 0.029030 8094 7555 SURF  0.363956 0.698418 0.161087 8094 0.073827  0.962380
dataset/p0.png dataset/p1.png FAST  0.018975 0.037236 17516 15826 SURF  0.757228 1.437651 0.388259 17516 0.006731  1.869893
dataset/q0.png dataset/q1.png FAST  0.017214 0.038097 11989 25083 SURF  0.518814 1.609157 0.355620 11989 0.075489  2.078378
dataset/r0.png dataset/r1.png FAST  0.010952 0.022722 825 2344 SURF  0.046338 0.155745 0.022123 825 0.076274  0.276879
dataset/s0.png dataset/s1.png FAST  0.017041 0.035732 9297 15599 SURF  0.413899 1.087598 0.233933 9297 0.074935  1.432213
dataset/t0.png dataset/t1.png FAST  0.011387 0.022854 958 1106 SURF  0.051296 0.109209 0.017845 958 0.074379  0.224299
dataset/u0.png dataset/u1.png FAST  0.011912 0.023732 967 777 SURF  0.055953 0.102566 0.015829 967 0.054855  0.196994
